=== Training started: 2026-05-14T22:57:36.563363 ===
epochs=12  max_ar=3  epochs_per_stage=4
epoch  ar  train_loss    val_loss   val_ACC     best_vl  patience  timestamp
------------------------------------------------------------------------------------------
 init  --          --     0.02597    0.9863          --        --  23:00:55
    1   3     0.02918     0.01969    0.9903     0.01969         0  01:04:11
    2   3     0.02863     0.01961    0.9904     0.01961         0  03:07:09
    3   3     0.02847     0.01954    0.9904     0.01954         0  05:10:14
    4   3     0.02837     0.01952    0.9904     0.01952         0  07:13:25
    5   3     0.02830     0.01946    0.9905     0.01946         0  09:16:45
    6   3     0.02825     0.01949    0.9904     0.01946         1  11:20:09
    7   3     0.02734     0.01875    0.9909     0.01875         0  13:41:59
    8   3     0.02677     0.01857    0.9910     0.01857         0  16:03:36
    9   3     0.02652     0.01843    0.9911     0.01843         0  18:25:30
   10   3     0.02635     0.01835    0.9911     0.01835         0  20:46:52
   11   3     0.02622     0.01829    0.9912     0.01829         0  23:07:26
   12   3     0.02612     0.01825    0.9912     0.01825         0  01:27:57
=== Training finished: 2026-05-16T01:27:57.816207 ===
=== Training started: 2026-05-19T20:13:39.141034 ===
epochs=50  max_ar=5  epochs_per_stage=16
epoch  ar  train_loss    val_loss   val_ACC     best_vl  patience  timestamp
------------------------------------------------------------------------------------------
 init  --          --     0.02641    0.9860          --        --  20:17:48
    1   3     0.02960     0.02012    0.9901     0.02012         0  22:21:52
    2   3     0.02905     0.01996    0.9902     0.01996         0  00:25:58
    3   3     0.02889     0.01992    0.9902     0.01992         0  02:30:08
    4   3     0.02879     0.01990    0.9902     0.01990         0  04:34:13
    5   3     0.02872     0.01986    0.9902     0.01986         0  06:38:29
    6   3     0.02867     0.01982    0.9902     0.01982         0  08:42:43
    7   3     0.02774     0.01906    0.9907     0.01906         0  11:04:49
    8   3     0.02717     0.01888    0.9908     0.01888         0  13:26:23
    9   3     0.02691     0.01881    0.9909     0.01881         0  15:49:07
   10   3     0.02674     0.01871    0.9909     0.01871         0  18:12:31
   11   3     0.02661     0.01865    0.9910     0.01865         0  20:35:51
   12   3     0.02651     0.01859    0.9910     0.01859         0  22:59:47
   13   3     0.02642     0.01857    0.9910     0.01857         0  01:26:32
   14   3     0.02634     0.01855    0.9910     0.01855         0  03:48:30
   15   3     0.02627     0.01848    0.9911     0.01848         0  06:09:56
   16   3     0.02621     0.01847    0.9911     0.01847         0  08:31:34
