=== Downscaler training started: 2026-03-26T16:31:13.146825 ===
data_dir=/data/datasets/downscaler_krsk_19f  epochs=50  batch=32  lr=0.001
epoch  train_loss    val_loss        best        lr
-------------------------------------------------------
    1    0.089526    0.045181    0.045181  1.0e-03 *  (10s)
    2    0.027347    0.037239    0.037239  1.0e-03 *  (9s)
    3    0.022680    0.043887    0.037239  9.9e-04  (9s)
    4    0.019590    0.048313    0.037239  9.8e-04  (9s)
    5    0.017712    0.023251    0.023251  9.8e-04 *  (9s)
    6    0.017090    0.020826    0.020826  9.6e-04 *  (9s)
    7    0.015193    0.025781    0.020826  9.5e-04  (9s)
    8    0.014266    0.016910    0.016910  9.4e-04 *  (9s)
    9    0.013442    0.030492    0.016910  9.2e-04  (9s)
   10    0.012359    0.017913    0.016910  9.0e-04  (9s)
   11    0.011829    0.015076    0.015076  8.9e-04 *  (9s)
   12    0.011162    0.030318    0.015076  8.6e-04  (9s)
   13    0.010842    0.007301    0.007301  8.4e-04 *  (9s)
   14    0.010278    0.014457    0.007301  8.2e-04  (9s)
   15    0.010099    0.014382    0.007301  7.9e-04  (9s)
   16    0.009738    0.020541    0.007301  7.7e-04  (9s)
   17    0.009421    0.011155    0.007301  7.4e-04  (9s)
   18    0.009478    0.009387    0.007301  7.1e-04  (9s)
   19    0.008584    0.016687    0.007301  6.8e-04  (9s)
   20    0.008786    0.014451    0.007301  6.5e-04  (9s)
   21    0.008214    0.006612    0.006612  6.2e-04 *  (9s)
   22    0.008678    0.009745    0.006612  5.9e-04  (9s)
   23    0.008513    0.007505    0.006612  5.6e-04  (9s)
   24    0.008099    0.008451    0.006612  5.3e-04  (9s)
   25    0.007513    0.008123    0.006612  5.0e-04  (9s)
   26    0.007401    0.010610    0.006612  4.7e-04  (9s)
   27    0.007776    0.012445    0.006612  4.4e-04  (9s)
   28    0.007054    0.009974    0.006612  4.1e-04  (9s)
   29    0.007113    0.007560    0.006612  3.8e-04  (9s)
   30    0.007075    0.012683    0.006612  3.5e-04  (9s)
   31    0.006827    0.008385    0.006612  3.2e-04  (9s)
   32    0.006647    0.005429    0.005429  2.9e-04 *  (9s)
   33    0.006423    0.004762    0.004762  2.6e-04 *  (9s)
   34    0.006155    0.005979    0.004762  2.3e-04  (9s)
   35    0.005961    0.005037    0.004762  2.1e-04  (9s)
   36    0.005648    0.004548    0.004548  1.8e-04 *  (9s)
   37    0.005758    0.002800    0.002800  1.6e-04 *  (9s)
   38    0.005499    0.003256    0.002800  1.4e-04  (9s)
   39    0.005168    0.003989    0.002800  1.1e-04  (9s)
   40    0.005134    0.003849    0.002800  9.5e-05  (9s)
   41    0.005107    0.002631    0.002631  7.8e-05 *  (9s)
   42    0.004889    0.002569    0.002569  6.2e-05 *  (9s)
   43    0.004879    0.002400    0.002400  4.8e-05 *  (9s)
   44    0.004826    0.002661    0.002400  3.5e-05  (9s)
   45    0.004717    0.002413    0.002400  2.4e-05  (9s)
   46    0.004537    0.002419    0.002400  1.6e-05  (9s)
   47    0.004633    0.002297    0.002297  8.9e-06 *  (9s)
   48    0.004493    0.002278    0.002278  3.9e-06 *  (9s)
   49    0.004559    0.002206    0.002206  9.9e-07 *  (9s)
   50    0.004538    0.002189    0.002189  0.0e+00 *  (9s)

=======================================================
[TEST] Loading best model...

[TEST] loss=0.002213

    Variable  RMSE_model  RMSE_coarse     Skill
------------------------------------------------
         t2m      1.0419       0.9031   -15.4%
         10u      0.3012       0.3561    15.4%
         10v      0.2856       0.4263    33.0%
         msl      0.5584       0.4623   -20.8%
          tp      0.0002       0.0010    84.5%
          sp      1.9122      10.4168    81.6%
        tcwv      0.8637       0.4509   -91.5%
       t@850      0.8359       0.4250   -96.7%
       u@850      0.4351       0.6711    35.2%
       v@850      0.3717       0.5443    31.7%
       z@850      4.0547       1.1130  -264.3%
       q@850      0.0002       0.0002   -31.8%
       t@500      0.5181       0.1047  -394.7%
       u@500      0.5002       0.3627   -37.9%
       v@500      0.4683       0.2848   -64.5%
       z@500     10.1951       1.6982  -500.4%
       q@500      0.0001       0.0000   -15.6%

        MEAN                            -73.6%

Results saved to experiments/downscaler_krsk
=== Downscaler training started: 2026-03-26T16:50:11.730376 ===
data_dir=/data/datasets/downscaler_krsk_19f  epochs=50  batch=32  lr=0.001
epoch  train_loss    val_loss        best        lr
-------------------------------------------------------
    1    0.007897    0.012901    0.012901  1.0e-03 *  (10s)
    2    0.002308    0.002794    0.002794  1.0e-03 *  (9s)
    3    0.002045    0.002085    0.002085  9.9e-04 *  (9s)
    4    0.001800    0.002674    0.002085  9.8e-04  (9s)
    5    0.001658    0.001571    0.001571  9.8e-04 *  (9s)
    6    0.001531    0.007696    0.001571  9.6e-04  (9s)
    7    0.001427    0.001966    0.001571  9.5e-04  (9s)
    8    0.001345    0.001687    0.001571  9.4e-04  (9s)
    9    0.001301    0.001748    0.001571  9.2e-04  (9s)
   10    0.001252    0.001761    0.001571  9.0e-04  (9s)
   11    0.001222    0.001445    0.001445  8.9e-04 *  (9s)
   12    0.001152    0.001207    0.001207  8.6e-04 *  (9s)
   13    0.001115    0.001127    0.001127  8.4e-04 *  (9s)
   14    0.001098    0.001115    0.001115  8.2e-04 *  (9s)
   15    0.001065    0.001396    0.001115  7.9e-04  (9s)
   16    0.001020    0.002097    0.001115  7.7e-04  (9s)
   17    0.000999    0.001008    0.001008  7.4e-04 *  (9s)
   18    0.000987    0.000942    0.000942  7.1e-04 *  (9s)
   19    0.000959    0.001305    0.000942  6.8e-04  (9s)
   20    0.000922    0.001298    0.000942  6.5e-04  (9s)
   21    0.000922    0.001464    0.000942  6.2e-04  (9s)
   22    0.000884    0.000969    0.000942  5.9e-04  (9s)
   23    0.000874    0.000846    0.000846  5.6e-04 *  (9s)
   24    0.000843    0.000999    0.000846  5.3e-04  (9s)
   25    0.000832    0.000973    0.000846  5.0e-04  (9s)
   26    0.000810    0.002688    0.000846  4.7e-04  (9s)
   27    0.000782    0.000853    0.000846  4.4e-04  (9s)
   28    0.000766    0.001860    0.000846  4.1e-04  (9s)
   29    0.000748    0.001161    0.000846  3.8e-04  (9s)
   30    0.000730    0.000848    0.000846  3.5e-04  (9s)
   31    0.000713    0.000977    0.000846  3.2e-04  (9s)
   32    0.000694    0.000761    0.000761  2.9e-04 *  (9s)
   33    0.000677    0.001217    0.000761  2.6e-04  (9s)
   34    0.000666    0.000751    0.000751  2.3e-04 *  (9s)
   35    0.000652    0.000732    0.000732  2.1e-04 *  (9s)
   36    0.000636    0.000720    0.000720  1.8e-04 *  (9s)
   37    0.000624    0.000765    0.000720  1.6e-04  (9s)
   38    0.000612    0.000875    0.000720  1.4e-04  (9s)
   39    0.000601    0.000709    0.000709  1.1e-04 *  (9s)
   40    0.000591    0.000689    0.000689  9.5e-05 *  (9s)
   41    0.000581    0.000682    0.000682  7.8e-05 *  (9s)
   42    0.000573    0.000694    0.000682  6.2e-05  (9s)
   43    0.000566    0.000677    0.000677  4.8e-05 *  (9s)
   44    0.000560    0.000677    0.000677  3.5e-05  (9s)
   45    0.000554    0.000678    0.000677  2.4e-05  (9s)
   46    0.000551    0.000674    0.000674  1.6e-05 *  (9s)
   47    0.000548    0.000675    0.000674  8.9e-06  (9s)
   48    0.000545    0.000673    0.000673  3.9e-06 *  (9s)
   49    0.000544    0.000671    0.000671  9.9e-07 *  (9s)
   50    0.000543    0.000671    0.000671  0.0e+00  (9s)

=======================================================
[TEST] Loading best model...

[TEST] loss=0.000697

    Variable  RMSE_model  RMSE_coarse     Skill
------------------------------------------------
         t2m      0.5082       0.9031    43.7%
         10u      0.1615       0.3561    54.7%
         10v      0.1642       0.4263    61.5%
         msl      0.3245       0.4623    29.8%
          tp      0.0001       0.0010    86.2%
          sp      0.6701      10.4168    93.6%
        tcwv      0.2259       0.4509    49.9%
       t@850      0.2544       0.4250    40.1%
       u@850      0.2261       0.6711    66.3%
       v@850      0.1931       0.5443    64.5%
       z@850      0.7276       1.1130    34.6%
       q@850      0.0001       0.0002    27.2%
       t@500      0.1034       0.1047     1.3%
       u@500      0.2512       0.3627    30.7%
       v@500      0.2266       0.2848    20.4%
       z@500      1.6942       1.6982     0.2%
       q@500      0.0000       0.0000    30.8%

        MEAN                             43.3%

Results saved to experiments/downscaler_krsk
=== Downscaler training started: 2026-03-26T17:06:49.183048 ===
data_dir=/data/datasets/downscaler_krsk_19f  epochs=50  batch=32  lr=0.001
epoch  train_loss    val_loss        best        lr
-------------------------------------------------------
    1    0.007899    0.003347    0.003347  1.0e-03 *  (10s)
    2    0.002296    0.002465    0.002465  1.0e-03 *  (9s)
    3    0.002010    0.001989    0.001989  9.9e-04 *  (9s)
    4    0.001767    0.002173    0.001989  9.8e-04  (9s)
    5    0.001636    0.001629    0.001629  9.8e-04 *  (9s)
    6    0.001543    0.002452    0.001629  9.6e-04  (9s)
    7    0.001413    0.001321    0.001321  9.5e-04 *  (9s)
    8    0.001359    0.001294    0.001294  9.4e-04 *  (9s)
    9    0.001312    0.001374    0.001294  9.2e-04  (9s)
   10    0.001352    0.227094    0.001294  9.0e-04  (9s)
   11    0.001983    0.001783    0.001294  8.9e-04  (9s)
   12    0.001375    0.001266    0.001266  8.6e-04 *  (9s)
   13    0.001240    0.001462    0.001266  8.4e-04  (9s)
   14    0.001185    0.001471    0.001266  8.2e-04  (9s)
   15    0.001138    0.001456    0.001266  7.9e-04  (9s)
   16    0.001096    0.001124    0.001124  7.7e-04 *  (9s)
   17    0.001067    0.001089    0.001089  7.4e-04 *  (9s)
   18    0.001045    0.001004    0.001004  7.1e-04 *  (9s)
   19    0.001007    0.001246    0.001004  6.8e-04  (9s)
   20    0.000981    0.000960    0.000960  6.5e-04 *  (9s)
   21    0.000988    0.001848    0.000960  6.2e-04  (9s)
   22    0.000945    0.001417    0.000960  5.9e-04  (9s)
   23    0.000930    0.001090    0.000960  5.6e-04  (9s)
   24    0.000904    0.000948    0.000948  5.3e-04 *  (9s)
   25    0.000892    0.001042    0.000948  5.0e-04  (9s)
   26    0.000877    0.000869    0.000869  4.7e-04 *  (9s)
   27    0.000845    0.000928    0.000869  4.4e-04  (9s)
   28    0.000838    0.001058    0.000869  4.1e-04  (9s)
   29    0.000813    0.000844    0.000844  3.8e-04 *  (9s)
   30    0.000797    0.000874    0.000844  3.5e-04  (9s)
   31    0.000777    0.000969    0.000844  3.2e-04  (9s)
   32    0.000763    0.000792    0.000792  2.9e-04 *  (9s)
   33    0.000747    0.000969    0.000792  2.6e-04  (9s)
   34    0.000734    0.000824    0.000792  2.3e-04  (9s)
   35    0.000719    0.000778    0.000778  2.1e-04 *  (9s)
   36    0.000703    0.000741    0.000741  1.8e-04 *  (9s)
   37    0.000690    0.000834    0.000741  1.6e-04  (9s)
   38    0.000679    0.000778    0.000741  1.4e-04  (9s)
   39    0.000666    0.000744    0.000741  1.1e-04  (9s)
   40    0.000656    0.000750    0.000741  9.5e-05  (9s)
   41    0.000646    0.000722    0.000722  7.8e-05 *  (9s)
   42    0.000637    0.000724    0.000722  6.2e-05  (9s)
   43    0.000630    0.000715    0.000715  4.8e-05 *  (9s)
   44    0.000624    0.000708    0.000708  3.5e-05 *  (9s)
   45    0.000618    0.000710    0.000708  2.4e-05  (9s)
   46    0.000614    0.000710    0.000708  1.6e-05  (9s)
   47    0.000611    0.000707    0.000707  8.9e-06 *  (9s)
   48    0.000608    0.000704    0.000704  3.9e-06 *  (9s)
   49    0.000606    0.000703    0.000703  9.9e-07 *  (9s)
   50    0.000605    0.000703    0.000703  0.0e+00  (9s)

=======================================================
[TEST] Loading best model...

[TEST] loss=0.000725

    Variable  RMSE_model  RMSE_coarse     Skill
------------------------------------------------
         t2m      0.5210       0.9031    42.3%
         10u      0.1655       0.3561    53.5%
         10v      0.1676       0.4263    60.7%
         msl      0.3266       0.4623    29.4%
          tp      0.0001       0.0010    86.2%
          sp      0.6995      10.4168    93.3%
        tcwv      0.2283       0.4509    49.4%
       t@850      0.2592       0.4250    39.0%
       u@850      0.2317       0.6711    65.5%
       v@850      0.1980       0.5443    63.6%
       z@850      0.7285       1.1130    34.5%
       q@850      0.0001       0.0002    25.2%
       t@500      0.1036       0.1047     1.1%
       u@500      0.2788       0.3627    23.1%
       v@500      0.2396       0.2848    15.9%
       z@500      1.6917       1.6982     0.4%
       q@500      0.0000       0.0000    27.8%

        MEAN                             41.8%

Results saved to experiments/downscaler_krsk
=== Downscaler training started: 2026-03-26T17:58:26.235528 ===
data_dir=/data/datasets/downscaler_krsk_19f  epochs=150  batch=32  lr=0.001
epoch  train_loss    val_loss        best        lr
-------------------------------------------------------
    1    0.007876    0.003794    0.003794  1.0e-03 *  (10s)
    2    0.002284    0.002313    0.002313  1.0e-03 *  (9s)
    3    0.002011    0.002008    0.002008  1.0e-03 *  (9s)
    4    0.001771    0.002668    0.002008  1.0e-03  (9s)
    5    0.001637    0.001647    0.001647  1.0e-03 *  (9s)
    6    0.001550    0.003480    0.001647  1.0e-03  (9s)
    7    0.001420    0.001363    0.001363  9.9e-04 *  (9s)
    8    0.001346    0.001691    0.001363  9.9e-04  (9s)
    9    0.001302    0.001521    0.001363  9.9e-04  (9s)
   10    0.001257    0.002280    0.001363  9.9e-04  (9s)
   11    0.001246    0.001244    0.001244  9.9e-04 *  (9s)
   12    0.001174    0.001530    0.001244  9.8e-04  (9s)
   13    0.001125    0.001166    0.001166  9.8e-04 *  (9s)
   14    0.001112    0.002173    0.001166  9.8e-04  (9s)
   15    0.001079    0.001659    0.001166  9.8e-04  (9s)
   16    0.001052    0.001308    0.001166  9.7e-04  (9s)
   17    0.001226    0.001207    0.001166  9.7e-04  (9s)
   18    0.001088    0.001628    0.001166  9.6e-04  (9s)
   19    0.001015    0.003211    0.001166  9.6e-04  (9s)
   20    0.000963    0.001525    0.001166  9.6e-04  (9s)
   21    0.000990    0.001582    0.001166  9.5e-04  (9s)
   22    0.000933    0.001736    0.001166  9.5e-04  (9s)
   23    0.000929    0.001922    0.001166  9.4e-04  (9s)
   24    0.000885    0.001181    0.001166  9.4e-04  (9s)
   25    0.000899    0.000985    0.000985  9.3e-04 *  (9s)
   26    0.000859    0.000898    0.000898  9.3e-04 *  (9s)
   27    0.000832    0.000981    0.000898  9.2e-04  (9s)
   28    0.000835    0.001245    0.000898  9.2e-04  (9s)
   29    0.000808    0.001162    0.000898  9.1e-04  (9s)
   30    0.000797    0.000866    0.000866  9.0e-04 *  (9s)
   31    0.000796    0.001594    0.000866  9.0e-04  (9s)
   32    0.000774    0.001471    0.000866  8.9e-04  (9s)
   33    0.000753    0.000840    0.000840  8.9e-04 *  (9s)
   34    0.000738    0.000827    0.000827  8.8e-04 *  (9s)
   35    0.000734    0.000794    0.000794  8.7e-04 *  (9s)
   36    0.000708    0.000727    0.000727  8.6e-04 *  (9s)
   37    0.000709    0.001295    0.000727  8.6e-04  (9s)
   38    0.000694    0.000890    0.000727  8.5e-04  (9s)
   39    0.000673    0.000793    0.000727  8.4e-04  (9s)
   40    0.000669    0.000729    0.000727  8.3e-04  (9s)
   41    0.000656    0.000784    0.000727  8.3e-04  (9s)
   42    0.000648    0.000813    0.000727  8.2e-04  (9s)
   43    0.000638    0.000828    0.000727  8.1e-04  (9s)
   44    0.000620    0.000785    0.000727  8.0e-04  (9s)
   45    0.000612    0.000725    0.000725  7.9e-04 *  (9s)
   46    0.000609    0.000948    0.000725  7.9e-04  (9s)
   47    0.000594    0.000701    0.000701  7.8e-04 *  (9s)
   48    0.000587    0.000711    0.000701  7.7e-04  (9s)
   49    0.000580    0.001453    0.000701  7.6e-04  (9s)
   50    0.000570    0.001458    0.000701  7.5e-04  (9s)
   51    0.000569    0.000704    0.000701  7.4e-04  (9s)
   52    0.000563    0.000715    0.000701  7.3e-04  (9s)
   53    0.000547    0.000680    0.000680  7.2e-04 *  (9s)
   54    0.000537    0.000676    0.000676  7.1e-04 *  (9s)
   55    0.000531    0.000667    0.000667  7.0e-04 *  (9s)
   56    0.000532    0.000872    0.000667  6.9e-04  (9s)
   57    0.000518    0.000908    0.000667  6.8e-04  (9s)
   58    0.000514    0.000680    0.000667  6.7e-04  (9s)
   59    0.000509    0.000688    0.000667  6.6e-04  (9s)
   60    0.000504    0.000689    0.000667  6.5e-04  (9s)
   61    0.000497    0.000646    0.000646  6.4e-04 *  (9s)
   62    0.000488    0.000722    0.000646  6.3e-04  (9s)
   63    0.000486    0.001260    0.000646  6.2e-04  (9s)
   64    0.000480    0.000655    0.000646  6.1e-04  (9s)
   65    0.000476    0.001046    0.000646  6.0e-04  (9s)
   66    0.000473    0.000656    0.000646  5.9e-04  (9s)
   67    0.000468    0.000630    0.000630  5.8e-04 *  (9s)
   68    0.000461    0.000656    0.000630  5.7e-04  (9s)
   69    0.000455    0.000634    0.000630  5.6e-04  (9s)
   70    0.000450    0.000648    0.000630  5.5e-04  (9s)
   71    0.000448    0.000651    0.000630  5.4e-04  (9s)
   72    0.000442    0.000696    0.000630  5.3e-04  (9s)
   73    0.000436    0.000694    0.000630  5.2e-04  (9s)
   74    0.000433    0.000636    0.000630  5.1e-04  (9s)
   75    0.000430    0.000639    0.000630  5.0e-04  (9s)
   76    0.000427    0.000646    0.000630  4.9e-04  (9s)
   77    0.000423    0.000653    0.000630  4.8e-04  (9s)
   78    0.000419    0.000646    0.000630  4.7e-04  (9s)
   79    0.000415    0.000628    0.000628  4.6e-04 *  (9s)
   80    0.000412    0.000649    0.000628  4.5e-04  (9s)
   81    0.000408    0.000633    0.000628  4.4e-04  (9s)
   82    0.000403    0.000629    0.000628  4.3e-04  (9s)
   83    0.000401    0.000646    0.000628  4.2e-04  (9s)
   84    0.000400    0.000638    0.000628  4.1e-04  (9s)
   85    0.000396    0.000633    0.000628  4.0e-04  (9s)
   86    0.000391    0.000650    0.000628  3.9e-04  (9s)
   87    0.000386    0.000624    0.000624  3.8e-04 *  (9s)
   88    0.000385    0.000649    0.000624  3.7e-04  (9s)
   89    0.000381    0.000622    0.000622  3.6e-04 *  (9s)
   90    0.000379    0.000633    0.000622  3.5e-04  (9s)
   91    0.000377    0.000816    0.000622  3.4e-04  (9s)
   92    0.000374    0.000640    0.000622  3.3e-04  (9s)
   93    0.000370    0.000616    0.000616  3.2e-04 *  (9s)
   94    0.000369    0.000619    0.000616  3.1e-04  (9s)
   95    0.000367    0.000616    0.000616  3.0e-04 *  (9s)
   96    0.000364    0.000614    0.000614  2.9e-04 *  (9s)
   97    0.000362    0.000629    0.000614  2.8e-04  (9s)
   98    0.000360    0.000623    0.000614  2.7e-04  (9s)
   99    0.000358    0.000682    0.000614  2.6e-04  (9s)
  100    0.000354    0.000639    0.000614  2.5e-04  (9s)
  101    0.000351    0.000624    0.000614  2.4e-04  (9s)
  102    0.000350    0.000618    0.000614  2.3e-04  (9s)
  103    0.000349    0.000639    0.000614  2.2e-04  (9s)
  104    0.000346    0.000620    0.000614  2.1e-04  (9s)
  105    0.000345    0.000618    0.000614  2.1e-04  (9s)
  106    0.000343    0.000621    0.000614  2.0e-04  (9s)
  107    0.000340    0.000626    0.000614  1.9e-04  (9s)
  108    0.000339    0.000615    0.000614  1.8e-04  (9s)
  109    0.000338    0.000618    0.000614  1.7e-04  (9s)
  110    0.000335    0.000623    0.000614  1.7e-04  (9s)
  111    0.000333    0.000622    0.000614  1.6e-04  (9s)
  112    0.000333    0.000753    0.000614  1.5e-04  (9s)
  113    0.000331    0.000632    0.000614  1.4e-04  (9s)
  114    0.000330    0.000638    0.000614  1.4e-04  (9s)
  115    0.000330    0.000615    0.000614  1.3e-04  (9s)
  116    0.000327    0.000631    0.000614  1.2e-04  (9s)
  117    0.000326    0.000617    0.000614  1.1e-04  (9s)
  118    0.000325    0.000621    0.000614  1.1e-04  (9s)
  119    0.000324    0.000622    0.000614  1.0e-04  (9s)
  120    0.000323    0.000616    0.000614  9.5e-05  (9s)
  121    0.000321    0.000618    0.000614  8.9e-05  (9s)
  122    0.000320    0.000623    0.000614  8.4e-05  (9s)
  123    0.000322    0.000628    0.000614  7.8e-05  (9s)
  124    0.000319    0.000615    0.000614  7.2e-05  (9s)
  125    0.000318    0.000625    0.000614  6.7e-05  (9s)
  126    0.000317    0.000617    0.000614  6.2e-05  (9s)
Early stopping at epoch 126

=======================================================
[TEST] Loading best model...

[TEST] loss=0.000644

    Variable  RMSE_model  RMSE_coarse     Skill
------------------------------------------------
         t2m      0.4714       0.9031    47.8%
         10u      0.1516       0.3561    57.4%
         10v      0.1590       0.4263    62.7%
         msl      0.3197       0.4623    30.9%
          tp      0.0001       0.0010    86.0%
          sp      0.5813      10.4168    94.4%
        tcwv      0.2174       0.4509    51.8%
       t@850      0.2413       0.4250    43.2%
       u@850      0.2148       0.6711    68.0%
       v@850      0.1850       0.5443    66.0%
       z@850      0.6988       1.1130    37.2%
       q@850      0.0001       0.0002    32.5%
       t@500      0.1028       0.1047     1.9%
       u@500      0.2021       0.3627    44.3%
       v@500      0.1661       0.2848    41.7%
       z@500      1.6822       1.6982     0.9%
       q@500      0.0000       0.0000    37.0%

        MEAN                             47.3%

Results saved to experiments/downscaler_krsk
