=== Training started: 2026-04-20T10:06:51.902548 ===
epochs=48  max_ar=4  epochs_per_stage=12
epoch  ar  train_loss    val_loss   val_ACC     best_vl  patience  timestamp
------------------------------------------------------------------------------------------
 init  --          --     0.84312    0.9740          --        --  10:13:36
    1   1     0.02709     0.01907    0.9899     0.01907         0  12:13:30
    2   1     0.01703     0.01779    0.9906     0.01779         0  14:13:33
    3   1     0.01630     0.01743    0.9909     0.01743         0  16:14:21
    4   1     0.01598     0.01718    0.9910     0.01718         0  18:14:49
    5   1     0.01579     0.01705    0.9911     0.01705         0  20:15:26
    6   1     0.01566     0.01691    0.9912     0.01691         0  22:15:59
    7   1     0.01556     0.01684    0.9912     0.01684         0  00:16:30
    8   1     0.01548     0.01677    0.9913     0.01677         0  02:16:53
    9   1     0.01542     0.01671    0.9913     0.01671         0  04:16:32
   10   1     0.01536     0.01663    0.9913     0.01663         0  06:16:09
   11   1     0.01495     0.01602    0.9917     0.01602         0  08:45:29
   12   1     0.01462     0.01581    0.9919     0.01581         0  11:14:48
   13   2     0.01945     0.01588    0.9919     0.01581         1  16:05:15
   14   2     0.01918     0.01586    0.9919     0.01581         2  20:56:13
   15   2     0.01902     0.01579    0.9919     0.01579         0  01:48:51
   16   2     0.01891     0.01572    0.9920     0.01572         0  06:40:41
   17   2     0.01882     0.01567    0.9920     0.01567         0  11:31:51
   18   2     0.01874     0.01564    0.9920     0.01564         0  16:22:31
   19   2     0.01867     0.01568    0.9920     0.01564         1  21:13:24
   20   2     0.01861     0.01562    0.9921     0.01562         0  02:04:30
   21   2     0.01856     0.01556    0.9921     0.01556         0  06:55:41
   22   2     0.01851     0.01555    0.9921     0.01556         1  11:46:30
   23   2     0.01846     0.01552    0.9921     0.01552         0  16:37:06
   24   2     0.01842     0.01548    0.9921     0.01548         0  21:27:59
=== Training started: 2026-04-26T03:05:35.279781 ===
epochs=48  max_ar=4  epochs_per_stage=12
>>> Resumed from epoch 24, AR=2, best_vl=0.01548
epoch  ar  train_loss    val_loss   val_ACC     best_vl  patience  timestamp
------------------------------------------------------------------------------------------
=== Training started: 2026-04-26T03:07:56.035032 ===
epochs=48  max_ar=4  epochs_per_stage=12
>>> Resumed from epoch 24, AR=2, best_vl=0.01548
epoch  ar  train_loss    val_loss   val_ACC     best_vl  patience  timestamp
------------------------------------------------------------------------------------------
=== Training started: 2026-04-26T03:12:47.339985 ===
epochs=48  max_ar=2  epochs_per_stage=24
>>> Resumed from epoch 24, AR=2, best_vl=0.01548
epoch  ar  train_loss    val_loss   val_ACC     best_vl  patience  timestamp
------------------------------------------------------------------------------------------
   25   2     0.01838     0.01551    0.9921     0.01548         1  08:01:20
   26   2     0.01835     0.01544    0.9922     0.01544         0  12:49:47
   27   2     0.01831     0.01545    0.9922     0.01544         1  17:37:26
   28   2     0.01828     0.01544    0.9922     0.01544         2  22:23:43
   29   2     0.01825     0.01541    0.9922     0.01541         0  03:11:26
   30   2     0.01822     0.01539    0.9922     0.01539         0  07:59:32
   31   2     0.01819     0.01538    0.9922     0.01538         0  12:47:22
   32   2     0.01817     0.01539    0.9922     0.01538         1  17:35:52
   33   2     0.01814     0.01537    0.9922     0.01538         2  22:23:53
   34   2     0.01812     0.01536    0.9922     0.01536         0  03:11:15
   35   2     0.01810     0.01536    0.9922     0.01536         1  07:59:54
   36   2     0.01807     0.01531    0.9922     0.01531         0  12:48:00
   37   2     0.01805     0.01531    0.9922     0.01531         1  17:34:17
   38   2     0.01803     0.01535    0.9922     0.01531         2  22:22:02
   39   2     0.01801     0.01535    0.9922     0.01531         3  03:09:59
   40   2     0.01799     0.01530    0.9922     0.01531         4  07:55:23
   41   2     0.01797     0.01525    0.9923     0.01525         0  12:40:53
   42   2     0.01795     0.01526    0.9923     0.01525         1  17:29:31
   43   2     0.01793     0.01527    0.9923     0.01525         2  22:17:58
   44   2     0.01792     0.01528    0.9923     0.01525         3  03:06:28
   45   2     0.01790     0.01523    0.9923     0.01523         0  07:55:28
   46   2     0.01788     0.01522    0.9923     0.01522         0  12:44:15
   47   2     0.01787     0.01528    0.9923     0.01522         1  17:32:49
   48   2     0.01785     0.01520    0.9923     0.01520         0  22:19:37
=== Training finished: 2026-04-30T22:19:37.341766 ===
